0.002236055 
0.004862961 
0.008188627 
0.011941572 
0.015789223 
0.019362330 
0.022283278 
0.024196219 
0.024796753 
0.023858854 
0.021256871 
0.016980764 
0.011143165 
0.003977468 
-0.004173222 
-0.012875734 
-0.021633890 
-0.029921165 
-0.037216709 
-0.043042123 
-0.046996305 
-0.048785716 
-0.048247705 
-0.045364998 
-0.040270039 
-0.033238651 
-0.024673203 
-0.015076326 
-0.005016900 
0.004909309 
0.014121553 
0.022095468 
0.028400806 
0.032732624 
0.034933489 
0.035004823 
0.033106361 
0.029543513 
0.024743380 
0.019221025 
0.013538401 
0.008258940 
0.003901222 
0.000895291 
-0.000454925 
0.000000000 
0.002238241 
0.006063248 
0.011114212 
0.016890072 
0.022785621 
0.028137320 
0.032275574 
0.034579664 
0.034531194 
0.031761885 
0.026091863 
0.017555152 
0.006409967 
-0.006867532 
-0.021606196 
-0.036978430 
-0.052052038 
-0.065851993 
-0.077427909 
-0.085922446 
-0.090635631 
-0.091080240 
-0.087023888 
-0.078514312 
-0.065885465 
-0.049743388 
-0.030932261 
-0.010482534 
0.010455620 
0.030689091 
0.049063532 
0.064544166 
0.076289730 
0.083713982 
0.086529897 
0.084772837 
0.078800418 
0.069268442 
0.057084010 
0.043338671 
0.029225996 
0.015949291 
0.004626063 
-0.003803690 
-0.008658314 
-0.009577991 
-0.006565460 
0.000000000 
0.009377436 
0.020508029 
0.032085822 
0.042651280 
0.050701769 
0.054811574 
0.053753057 
0.046610136 
0.032875411 
0.012523068 
-0.013948935 
-0.045512037 
-0.080637916 
-0.117366852 
-0.153410800 
-0.186285878 
-0.213466722 
-0.232553338 
-0.241439856 
-0.238473993 
-0.222596214 
-0.193448464 
-0.151443950 
-0.097791687 
-0.034472212 
0.035836092 
0.109877454 
0.183980262 
0.254251217 
0.316791247 
0.367920643 
0.404399931 
0.423632863 
0.423838676 
0.404182329 
0.364853739 
0.307089990 
0.233137815 
0.146157267 
0.050071060 
-0.050632550 
-0.151132571 
-0.246530684 
-0.332114654 
-0.403614516 
-0.457436582 
-0.490861552 
0.502195028 
-0.490861552 
-0.457436582 
-0.403614516 
-0.332114654 
-0.246530684 
-0.151132571 
-0.050632550 
0.050071060 
0.146157267 
0.233137815 
0.307089990 
0.364853739 
0.404182329 
0.423838676 
0.423632863 
0.404399931 
0.367920643 
0.316791247 
0.254251217 
0.183980262 
0.109877454 
0.035836092 
-0.034472212 
-0.097791687 
-0.151443950 
-0.193448464 
-0.222596214 
-0.238473993 
-0.241439856 
-0.232553338 
-0.213466722 
-0.186285878 
-0.153410800 
-0.117366852 
-0.080637916 
-0.045512037 
-0.013948935 
0.012523068 
0.032875411 
0.046610136 
0.053753057 
0.054811574 
0.050701769 
0.042651280 
0.032085822 
0.020508029 
0.009377436 
0.000000000 
-0.006565460 
-0.009577991 
-0.008658314 
-0.003803690 
0.004626063 
0.015949291 
0.029225996 
0.043338671 
0.057084010 
0.069268442 
0.078800418 
0.084772837 
0.086529897 
0.083713982 
0.076289730 
0.064544166 
0.049063532 
0.030689091 
0.010455620 
-0.010482534 
-0.030932261 
-0.049743388 
-0.065885465 
-0.078514312 
-0.087023888 
-0.091080240 
-0.090635631 
-0.085922446 
-0.077427909 
-0.065851993 
-0.052052038 
-0.036978430 
-0.021606196 
-0.006867532 
0.006409967 
0.017555152 
0.026091863 
0.031761885 
0.034531194 
0.034579664 
0.032275574 
0.028137320 
0.022785621 
0.016890072 
0.011114212 
0.006063248 
0.002238241 
0.000000000 
-0.000454925 
0.000895291 
0.003901222 
0.008258940 
0.013538401 
0.019221025 
0.024743380 
0.029543513 
0.033106361 
0.035004823 
0.034933489 
0.032732624 
0.028400806 
0.022095468 
0.014121553 
0.004909309 
-0.005016900 
-0.015076326 
-0.024673203 
-0.033238651 
-0.040270039 
-0.045364998 
-0.048247705 
-0.048785716 
-0.046996305 
-0.043042123 
-0.037216709 
-0.029921165 
-0.021633890 
-0.012875734 
-0.004173222 
0.003977468 
0.011143165 
0.016980764 
0.021256871 
0.023858854 
0.024796753 
0.024196219 
0.022283278 
0.019362330 
0.015789223 
0.011941572 
0.008188627 
0.004862961 
0.002236055 
