0.000428855 
0.000467665 
0.000495539 
0.000510185 
0.000509562 
0.000491974 
0.000456165 
0.000401401 
0.000327543 
0.000235104 
0.000125286 
-0.000000000 
-0.000138143 
-0.000285863 
-0.000439264 
-0.000593919 
-0.000744973 
-0.000887272 
-0.001015508 
-0.001124385 
-0.001208792 
-0.001263980 
-0.001285753 
-0.001270636 
-0.001216044 
-0.001120435 
-0.000983429 
-0.000805911 
-0.000590090 
-0.000339532 
-0.000059137 
0.000244911 
0.000565248 
0.000893476 
0.001220348 
0.001535991 
0.001830166 
0.002092553 
0.002313060 
0.002482139 
0.002591110 
0.002632482 
0.002600251 
0.002490176 
0.002300025 
0.002029766 
0.001681714 
0.001260616 
0.000773664 
0.000230452 
-0.000357156 
-0.000975219 
-0.001607989 
-0.002238244 
-0.002847688 
-0.003417400 
-0.003928330 
-0.004361827 
-0.004700182 
-0.004927189 
-0.005028680 
-0.004993050 
-0.004811734 
-0.004479635 
-0.003995481 
-0.003362097 
-0.002586596 
-0.001680459 
-0.000659512 
0.000456212 
0.001642719 
0.002872417 
0.004114579 
0.005335917 
0.006501231 
0.007574145 
0.008517898 
0.009296182 
0.009874000 
0.010218533 
0.010299987 
0.010092403 
0.009574406 
0.008729880 
0.007548542 
0.006026404 
0.004166106 
0.001977111 
-0.000524248 
-0.003314868 
-0.006365139 
-0.009639350 
-0.013096238 
-0.016689677 
-0.020369484 
-0.024082332 
-0.027772747 
-0.031384167 
-0.034860050 
-0.038144985 
-0.041185811 
-0.043932685 
-0.046340104 
-0.048367841 
-0.049981771 
-0.051154588 
-0.051866366 
0.948310663 
-0.051866366 
-0.051154588 
-0.049981771 
-0.048367841 
-0.046340104 
-0.043932685 
-0.041185811 
-0.038144985 
-0.034860050 
-0.031384167 
-0.027772747 
-0.024082332 
-0.020369484 
-0.016689677 
-0.013096238 
-0.009639350 
-0.006365139 
-0.003314868 
-0.000524248 
0.001977111 
0.004166106 
0.006026404 
0.007548542 
0.008729880 
0.009574406 
0.010092403 
0.010299987 
0.010218533 
0.009874000 
0.009296182 
0.008517898 
0.007574145 
0.006501231 
0.005335917 
0.004114579 
0.002872417 
0.001642719 
0.000456212 
-0.000659512 
-0.001680459 
-0.002586596 
-0.003362097 
-0.003995481 
-0.004479635 
-0.004811734 
-0.004993050 
-0.005028680 
-0.004927189 
-0.004700182 
-0.004361827 
-0.003928330 
-0.003417400 
-0.002847688 
-0.002238244 
-0.001607989 
-0.000975219 
-0.000357156 
0.000230452 
0.000773664 
0.001260616 
0.001681714 
0.002029766 
0.002300025 
0.002490176 
0.002600251 
0.002632482 
0.002591110 
0.002482139 
0.002313060 
0.002092553 
0.001830166 
0.001535991 
0.001220348 
0.000893476 
0.000565248 
0.000244911 
-0.000059137 
-0.000339532 
-0.000590090 
-0.000805911 
-0.000983429 
-0.001120435 
-0.001216044 
-0.001270636 
-0.001285753 
-0.001263980 
-0.001208792 
-0.001124385 
-0.001015508 
-0.000887272 
-0.000744973 
-0.000593919 
-0.000439264 
-0.000285863 
-0.000138143 
-0.000000000 
0.000125286 
0.000235104 
0.000327543 
0.000401401 
0.000456165 
0.000491974 
0.000509562 
0.000510185 
0.000495539 
0.000467665 
0.000428855 
