0.000638865 
0.001028701 
0.001445910 
0.001870468 
0.002278725 
0.002644271 
0.002939053 
0.003134711 
0.003204078 
0.003122793 
0.002870938 
0.002434635 
0.001807509 
0.000991934 
-0.000000000 
-0.001145902 
-0.002412897 
-0.003757915 
-0.005128459 
-0.006463855 
-0.007696969 
-0.008756336 
-0.009568643 
-0.010061479 
-0.010166245 
-0.009821118 
-0.008973933 
-0.007584873 
-0.005628835 
-0.003097354 
0.000000000 
0.003634850 
0.007759908 
0.012309583 
0.017201294 
0.022337466 
0.027608151 
0.032894192 
0.038070820 
0.043011559 
0.047592286 
0.051695314 
0.055213310 
0.058052931 
0.060138006 
0.061412163 
0.061840774 
0.061412163 
0.060138006 
0.058052931 
0.055213310 
0.051695314 
0.047592286 
0.043011559 
0.038070820 
0.032894192 
0.027608151 
0.022337466 
0.017201294 
0.012309583 
0.007759908 
0.003634850 
0.000000000 
-0.003097354 
-0.005628835 
-0.007584873 
-0.008973933 
-0.009821118 
-0.010166245 
-0.010061479 
-0.009568643 
-0.008756336 
-0.007696969 
-0.006463855 
-0.005128459 
-0.003757915 
-0.002412897 
-0.001145902 
-0.000000000 
0.000991934 
0.001807509 
0.002434635 
0.002870938 
0.003122793 
0.003204078 
0.003134711 
0.002939053 
0.002644271 
0.002278725 
0.001870468 
0.001445910 
0.001028701 
0.000638865 
